1
2 3 1 2 4 5 2 3 4 1 
1 1 2 3 4 1 2 2 3 1

1 : 2,3,5,1
=10 50 175 75
2 : 1,2,3
=5 15 30
3 : 2,4
=10 30
4 : 4
=20

2
5 5 5 5 5 5 5 5 5 5 
1 2 3 4 1 2 3 4 1 2
5 5 5 5 5 5 5 5 5 5 
1 2 3 4 1 2 3 4 1 2

1 : 5 5 5
 50 175 95
2 : 5 5 5
 5 15 30
3 : 5 5

4 : 5 5

1
2 3 1 2 4 5 2 3 4 1 
1 1 2 3 4 1 2 2 3 1 

2
5 5 5 5 5 5 5 5 5 5 
1 2 3 4 1 2 3 4 1 2 
5 5 5 5 5 5 5 5 5 5 
1 2 3 4 1 2 3 4 1 2 

1
5 3 4 5 3 4 5 3 4 5 
1 1 1 2 2 2 3 3 3 4 

1
3 4 3 2 1 2 3 4 3 2 
1 2 2 3 4 3 1 4 4 1

best 5 3 4
1
5 3 4 5 3 4 5 3 4 5
1 1 1 2 2 2 3 3 3 4

# runtime error? 혹시 말 1개만 계속 이동 요구? => 적절한 break 필요
1
5 5 5 5 5 5 5 5 5 5
1 1 1 1 1 1 1 1 1 1

# 예제입력 외 정답 입력과출력
17
1 1 5 3 2 4 5 4 4 3 
4 3 4 5 4 2 5 1 4 5 
1 3 3 2 1 5 4 2 4 1 
2 5 1 4 2 1 2 5 5 4 
5 2 4 5 5 1 4 4 2 5 
2 1 3 3 2 1 4 3 5 1 
3 5 5 5 3 3 4 1 2 2 
5 1 5 1 1 5 1 3 5 4 
4 4 4 1 2 5 2 5 1 4 
3 3 2 5 1 5 5 1 2 1 
1 4 2 2 2 2 5 1 5 5
1 3 3 3 1 3 5 3 3 5
2 4 3 3 4 4 2 3 2 5
4 2 5 3 4 2 2 3 2 5
3 2 5 1 3 2 4 1 4 5
2 2 3 3 2 3 3 1 5 5
3 4 4 3 2 1 5 1 3 4

#1 2000
#2 2020
#3 1315
#4 2010
#5 2040
#6 2000
#7 2020
#8 2055
#9 2000
#10 1280
#11 1330
#12 2000
#13 2015
#14 2015
#15 1510
#16 1500
#17 2005