4 5 3 3
1 1 3
1 2 1
3 5 2


    0
 2    3
    1

-----------------------0~1
init
1 2 0 0 0
0 0 0 0 0
0 0 0 0 3
0 0 0 0 0

1
2
3

0 2 0 0 0
0 0 0 0 0
0 0 0 0 3
0 0 0 0 0
2 and 1
3

0 0 0 0 0
0 2 0 0 0
0 0 0 0 3
0 0 0 0 0
2 and 1
3
probelm! 좌표별로 접근하다 보니, 2와 합쳐진 1이 이미 이동에 사용됬음에도, 또 이동
직관적으로는 num마다 토큰 부여 가능은 하지만, 역시 temp를 이용해서 잘 초기화해야
근데 지금은 일단 토큰, 왜냐하면 길을 잘못들어옴
다시 초기화방식으로....토큰도 안됨, 뭔가 어디선가 결국 초기화문제겠지
!!!!!-----------------------1~2
by 1, 2 is moved right
0 0 0 0 0
0 0 2 0 0
0 0 0 3 0
0 0 0 0 0

2 and 1
3

by 2, 1 is moved right
0 0 0 0 0
0 0 0 0 0
0 0 2 3 0
0 0 0 0 0

2 and 1
3

by 3, all is integrated
0 0 0 0 0
0 0 0 0 0
0 0 3 0 0
0 0 0 0 0

3 and 2 and 1
-----------------------2~3

0 0 0 0 0
0 0 0 0 0
0 3 0 0 0
0 2 0 0 0

2 and 1
3