1
2 3 1 2 4 5 2 3 4 1 
1 1 2 3 4 1 2 2 3 1

1 : 2,3,5,1
=10 50 175 75
2 : 1,2,3
=5 15 30
3 : 2,4
=10 30
4 : 4
=20

2
5 5 5 5 5 5 5 5 5 5 
1 2 3 4 1 2 3 4 1 2
5 5 5 5 5 5 5 5 5 5 
1 2 3 4 1 2 3 4 1 2

1 : 5 5 5
 50 175 95
2 : 5 5 5
 5 15 30
3 : 5 5

4 : 5 5

1
2 3 1 2 4 5 2 3 4 1 
1 1 2 3 4 1 2 2 3 1 

2
5 5 5 5 5 5 5 5 5 5 
1 2 3 4 1 2 3 4 1 2 
5 5 5 5 5 5 5 5 5 5 
1 2 3 4 1 2 3 4 1 2 

1
5 3 4 5 3 4 5 3 4 5 
1 1 1 2 2 2 3 3 3 4 

1
3 4 3 2 1 2 3 4 3 2 
1 2 2 3 4 3 1 4 4 1

best 5 3 4
1
5 3 4 5 3 4 5 3 4 5
1 1 1 2 2 2 3 3 3 4

# runtime error? 혹시 말 1개만 계속 이동 요구? => 적절한 break 필요
1
5 5 5 5 5 5 5 5 5 5
1 1 1 1 1 1 1 1 1 1