1
6 8 2
1 0 1 0 0 2 0 0 
0 0 0 1 0 1 1 0 
1 0 1 0 0 0 0 0 
0 2 0 0 0 1 0 0 
0 0 0 0 0 2 0 0 
0 0 1 0 0 1 0 0

1
3 3 2
1 1 1
2 1 1
2 2 1

1
4 6 2
0 0 2 1 2 0 
0 0 0 1 2 0 
1 1 0 0 1 1 
0 2 2 0 0 2

1
4 6 2
0 0 1 1 0 0 
0 0 2 2 1 0 
2 2 0 2 2 0 
0 0 0 2 0 2 


# error case
1
7 6 2
1 0 0 2 1 2 
2 1 0 1 0 0 
0 1 1 0 0 0 
0 0 1 0 1 1 
1 0 1 0 0 0 
0 0 1 0 0 1 
0 1 0 1 2 0 

# test variation
1
7 6 4
1 0 0 2 1 2 
2 1 0 1 0 0 
0 1 1 0 0 0 
0 0 1 0 1 1 
1 0 1 0 0 0 
0 0 1 0 0 1 
0 1 2 1 2 0 

# test variation
1
4 4 6
1 1 1 2
2 1 1 1
2 2 1 2
2 1 1 1

#!!!!error
3
3 3 1
2 0 0
0 1 1
1 2 2
3 3 1
2 1 0
1 1 0
0 0 2
3 3 2
0 2 1
1 1 2
2 1 0

right answer
#1 2
#2 2
#3 1

1
3 3 1
2 0 0
0 1 1
1 2 2