(0, 0) 1
[0, 0, 0, 0]
[0, 0, 0, 0]
[0, 0, 0, 0]
[0, 0, 0, 0]
[0, 0, 0, 0]
[0, 0, 0, 0]

[1, 2, 0, 0]
[2, 0, 0, 0]
[0, 0, 0, 0]
[0, 0, 0, 0]
[0, 0, 0, 0]
[0, 0, 0, 0]

(5, 3) 1
[0, 0, 0, 0]
[0, 0, 0, 0]
[0, 0, 0, 0]
[0, 0, 0, 0]
[0, 0, 0, 0]
[0, 0, 0, 0]

(5, 2) 2
[0, 0, 0, 0]
[0, 0, 0, 0]
[0, 0, 0, 0]
[0, 0, 0, 0]
[0, 0, 0, 2]
[0, 0, 0, 1]

(5, 1) 3
[0, 0, 0, 0]
[0, 0, 0, 0]
[0, 0, 0, 0]
[0, 0, 0, 0]
[0, 0, 3, 2]
[0, 0, 2, 1]

(5, 0) 4
[0, 0, 0, 0]
[0, 0, 0, 0]
[0, 0, 0, 0]
[0, 0, 0, 0]
[0, 4, 3, 2]
[0, 3, 2, 1]

(4, 0) 5
[0, 0, 0, 0]
[0, 0, 0, 0]
[0, 0, 0, 0]
[0, 0, 0, 0]
[0, 4, 3, 2]
[4, 3, 2, 1]

(3, 0) 6
[0, 0, 0, 0]
[0, 0, 0, 0]
[0, 0, 0, 0]
[0, 0, 0, 0]
[5, 4, 3, 2]
[4, 3, 2, 1]

(3, 1) 7
[0, 0, 0, 0]
[0, 0, 0, 0]
[7, 0, 0, 0]
[6, 0, 0, 0]
[5, 4, 3, 2]
[4, 3, 2, 1]

(2, 1) 8
[0, 0, 0, 0]
[0, 0, 0, 0]
[7, 0, 0, 0]
[6, 7, 0, 0]
[5, 4, 3, 2]
[4, 3, 2, 1]

(2, 2) 9
[0, 0, 0, 0]
[0, 9, 0, 0]
[7, 8, 0, 0]
[6, 7, 0, 0]
[5, 4, 3, 2]
[4, 3, 2, 1]

(3, 2) 10
[0, 0, 0, 0]
[0, 9, 10, 0]
[7, 8, 9, 0]
[6, 7, 0, 0]
[5, 4, 3, 2]
[4, 3, 2, 1]

(3, 3) 11
[0, 0, 0, 0]
[0, 9, 10, 0]
[7, 8, 9, 0]
[6, 7, 10, 0]
[5, 4, 3, 2]
[4, 3, 2, 1]

(2, 3) 12
[0, 0, 0, 0]
[0, 9, 10, 0]
[7, 8, 9, 0]
[6, 7, 10, 11]
[5, 4, 3, 2]
[4, 3, 2, 1]

(1, 3) 13
[0, 0, 0, 0]
[0, 9, 10, 0]
[7, 8, 9, 12]
[6, 7, 10, 11]
[5, 4, 3, 2]
[4, 3, 2, 1]

(0, 3) 14
[0, 0, 0, 0]
[0, 9, 10, 13]
[7, 8, 9, 12]
[6, 7, 10, 11]
[5, 4, 3, 2]
[4, 3, 2, 1]

(0, 2) 15
[0, 0, 0, 14]
[0, 9, 10, 13]
[7, 8, 9, 12]
[6, 7, 10, 11]
[5, 4, 3, 2]
[4, 3, 2, 1]

(2, 3) 10
[0, 16, 15, 14]
[0, 9, 10, 13]
[7, 8, 9, 12]
[6, 7, 10, 11]
[5, 4, 3, 2]
[4, 3, 2, 1]

(3, 2) 8
[0, 16, 15, 14]
[0, 9, 10, 11]
[7, 8, 9, 10]
[6, 7, 10, 11]
[5, 4, 3, 2]
[4, 3, 2, 1]

[0, 16, 15, 14]
[0, 9, 10, 11]
[7, 8, 9, 10]
[6, 7, 8, 9]
[5, 4, 3, 2]
[4, 3, 2, 1]